1900	5
1901	6
1902	1
1903	5
1904	6
1905	2
1906	7
1907	9
1908	1
1909	7
1910	0
1911	3
1912	18
1913	11
1914	0
1915	7
1916	14
1917	21
1918	1
1919	19
1920	4
1921	9
1922	3
1923	20
1924	2
1925	1
1926	2
1927	7
1928	1
1929	8
1930	2
1931	10
1932	4
1933	2
1934	0
1935	1
1936	3
1937	0
1938	3
1939	2
1940	9
1941	2
1942	24
1943	13
1944	0
1945	4
1946	3
1947	3
1948	0
1949	7
1950	13
1951	2
1952	0
1953	25
1954	1
1955	4
1956	4
1957	1
1958	34
1959	0
1960	5
1961	0
1962	2
1963	27
1964	9
1965	28
1966	1
1967	1
1968	6
1969	2
1970	3
1971	42
1972	1
1973	14
1974	11
1975	46
1976	8
1977	12
1978	3
1979	2
1980	7
1981	2
1982	0
1983	35
1984	1
1985	5
1986	3
1987	1
1988	1
1989	6
1990	9
1991	1
1992	0
1993	0
1994	2
1995	3
1996	0
1997	0
1998	4
1999	11
2000	1
2001	4
2002	19
2003	30
2004	4
2005	5
2006	4
2007	0
2008	0
2009	3
2010	36
2011	5
2012	1
2013	26
