1	2327
2	947
3	1859
4	1274
5	1364
6	2514
7	3539
8	645
9	1775
10	1654
11	2135
12	3110
13	700
14	2510
15	2045
16	1736
17	2736
18	6221
19	2575
20	1727
21	3446
22	3854
23	2330
24	608
25	3459
26	1282
27	839
28	2375
29	2332
30	2495
31	1004
32	3599
33	2941
34	1691
35	3614
36	2204
37	3908
38	40
39	589
40	2553
41	941
42	1602
43	3834
44	2136
45	97
46	1015
47	2044
48	1710
49	2150
50	3185
51	2135
52	1466
53	3954
54	1002
55	759
56	953
57	1006
58	443
59	2084
60	5191
61	2334
62	2435
63	1718
64	3425
65	912
66	294
67	3401
68	384
69	5466
70	3710
71	4366
72	1386
73	5815
74	1634
75	3742
76	1292
77	4269
78	1210
79	6012
80	1731
81	1317
82	1289
83	3086
84	2013
85	3054
86	717
87	2344
88	1715
89	738
90	1957
91	3317
92	4755
93	2752
94	3364
95	4643
96	1758
97	2234
98	2494
99	4121
100	2123
101	2429
102	1210
103	1009
104	1020
105	4714
106	3114
107	2128
108	2953
109	4747
110	2089
111	1633
112	3184
113	3695
114	6021
115	1961
116	1177
117	1580
118	1886
119	1174
120	1918
121	2463
122	775
123	1870
124	2275
125	808
126	4797
127	3747
128	2052
129	2001
130	3213
131	3089
132	1261
133	3195
134	2721
135	3114
136	2338
137	1116
138	2383
139	390
140	2211
141	3277
142	1957
143	1231
144	2146
145	3114
146	3143
147	3500
148	987
149	4416
150	1548
151	1548
152	2431
153	1815
154	1327
155	989
156	1315
157	1767
158	1641
159	5918
160	1552
161	3278
162	2457
163	978
164	932
165	2285
166	846
167	2090
168	950
169	3436
170	123
171	1472
172	1608
173	326
174	1687
175	3792
176	1803
177	733
178	2699
179	3009
180	3914
181	2886
182	2496
183	1408
184	1400
185	325
186	3499
187	2129
188	2241
189	4681
190	3621
191	2222
192	907
193	4297
194	1992
195	1014
196	2394
197	1567
198	2420
199	1251
200	1977
201	4070
202	4256
203	1532
204	1250
205	676
206	1393
207	3286
208	1866
209	287
210	1556
211	3905
212	2842
213	1114
214	1643
215	1371
216	2929
217	4433
218	5009
219	2353
220	2860
221	2118
222	1962
223	2581
224	5581
225	2865
226	3725
227	2103
228	3031
229	2534
230	976
231	3486
232	2186
233	808
234	1085
235	2826
236	1310
237	3267
238	2302
239	2202
240	2622
241	2328
242	925
243	3008
244	891
245	1899
246	4154
247	1862
248	1055
249	4649
250	1714
251	2364
252	2050
253	1728
254	2697
255	1984
256	2198
257	2619
258	4957
259	1724
260	2365
261	3178
262	806
263	141
264	1479
265	1518
266	1265
267	4056
268	1995
269	68
270	3516
271	1704
272	2625
273	3331
274	720
275	1170
276	5737
277	1153
278	3136
279	1124
280	3064
281	1527
282	4348
283	1661
284	3447
285	1207
286	388
287	1733
288	3451
289	2484
290	2590
291	1502
292	538
293	2523
294	1371
295	1011
296	1211
297	3443
298	1062
299	2336
300	1504
301	3425
302	4629
303	1697
304	1966
305	1338
306	3477
307	2122
308	2800
309	3677
310	2506
311	2177
312	4065
313	5524
314	1232
315	2987
316	2767
317	2872
318	3459
319	520
320	1520
321	1457
322	1917
323	2236
324	3548
325	1265
326	1255
327	1261
328	1932
329	2638
330	3257
331	611
333	2834
334	585
335	1538
336	3303
337	501
338	2762
339	1515
340	2919
341	1916
342	3070
343	4796
344	1473
345	469
346	1340
347	2128
348	568
349	415
350	2850
351	3237
352	3673
353	2504
354	4362
355	1562
356	1170
357	1907
358	2499
359	4205
360	1937
361	4123
362	2316
363	2813
364	680
365	1774
366	1969
367	1411
368	3085
369	1530
370	1910
371	1955
372	4682
373	3217
374	4004
375	179
376	1075
377	246
378	1489
379	1479
380	1470
381	3400
382	1305
383	1434
384	1175
385	272
386	4157
387	1225
388	3179
389	1681
390	2083
391	232
392	2956
393	245
394	4707
395	456
396	1140
397	1250
398	1123
399	2033
400	1
401	2621
402	4192
403	1627
404	5551
405	4476
406	528
407	1985
408	986
409	2501
410	4424
411	2432
412	789
413	640
414	2776
415	2807
416	1758
417	1693
418	1715
419	1023
420	1862
421	1390
422	3290
423	1873
424	3061
425	648
426	2041
427	242
428	4007
429	3581
430	976
431	1065
432	1135
433	919
434	3334
435	4096
436	1936
437	2062
438	2027
439	1977
440	4282
441	4017
442	1152
443	416
444	244
445	2856
446	2939
447	4388
448	1742
449	1067
450	2051
451	2576
452	2172
453	3204
454	1613
455	1863
456	2572
457	4108
458	1731
459	2828
460	3113
461	4931
462	2980
463	2493
465	587
466	2839
467	3026
468	769
469	2530
470	3172
471	2812
472	1334
473	4718
474	911
475	4298
476	1192
477	2248
478	1458
479	1474
480	1391
481	1308
482	724
483	1885
484	2416
485	551
486	855
487	689
488	2668
489	1297
490	2142
491	3018
492	4711
493	2015
494	927
495	4462
496	1912
497	2275
498	2432
499	2513
500	3292
501	1196
502	4870
503	266
504	3232
505	6754
506	1325
507	125
508	1036
509	4233
510	1378
511	3190
512	3082
513	2852
514	1526
515	1605
516	714
517	1099
518	195
519	3964
520	4923
521	2234
522	988
523	3301
524	841
525	3367
526	436
527	2770
528	990
529	4930
530	1971
531	154
532	1977
533	3718
534	1654
535	3718
536	676
537	2212
538	1982
539	1698
540	477
541	588
542	3740
543	2730
544	1834
545	502
546	2551
547	3092
548	1529
549	3407
550	2522
551	1572
552	4155
553	2489
554	416
555	5462
556	321
557	167
558	4176
559	1765
560	503
561	1866
562	2745
563	2024
564	632
565	4796
566	970
567	544
568	3246
569	1256
571	1316
572	1182
573	996
574	2138
575	2462
576	2234
577	1154
578	4150
579	3688
581	5051
582	585
583	4084
584	1027
585	3222
586	653
587	1786
588	1054
589	3077
590	1222
591	1038
592	1675
593	1088
594	929
595	2399
596	2406
597	2145
598	997
599	4884
600	3143
601	1430
602	754
603	2450
604	2226
605	1455
606	924
607	454
608	1188
609	3542
610	2365
611	2063
612	5184
613	3136
614	3815
615	4239
616	1555
618	3780
619	902
620	495
621	285
622	1022
623	2907
624	4237
625	1026
626	3358
627	75
628	2509
629	1882
630	3224
631	1600
632	1783
633	1679
634	7005
636	460
637	485
638	4764
639	4373
640	798
641	1919
642	1285
643	1831
644	1496
645	1961
646	262
647	2761
648	2530
649	1885
650	3464
651	4171
652	1942
653	1539
654	1938
655	1115
656	424
657	2686
659	1371
660	2075
661	862
662	2271
663	1555
664	2159
665	3447
666	450
667	2800
668	2570
669	2561
670	2568
671	3304
672	4247
673	2701
674	3947
675	1607
676	1419
677	2871
678	712
679	778
680	3698
681	1228
682	2261
683	951
684	854
685	1565
686	854
687	746
688	3106
689	2014
690	2027
691	3104
692	1906
693	195
694	1313
695	3050
696	747
697	1372
698	2983
699	4108
700	3423
701	3283
702	3517
703	2975
704	564
705	1515
706	2321
707	1102
708	3701
709	1712
710	3648
711	1366
712	3795
713	2078
714	2469
715	1154
716	1499
717	2972
718	2380
719	696
720	2772
721	3152
722	1969
723	913
724	3505
725	2705
726	5271
727	3807
728	1092
729	1028
730	4386
731	1096
732	3880
733	707
734	2858
735	2893
736	2451
737	3947
738	2491
739	2514
740	1645
741	1619
742	1242
743	1099
744	1953
745	344
746	1675
747	2241
748	2216
749	2040
750	2285
751	280
752	1902
753	6016
754	2572
755	885
756	2312
757	2001
758	1735
759	4141
760	1590
761	780
762	2992
763	1156
764	3987
765	1158
766	2389
767	509
768	2338
769	654
770	1651
771	3480
772	2375
773	2120
774	1238
775	2655
776	2021
777	1149
778	410
779	2513
780	1316
781	1397
782	2670
783	1878
784	2334
785	2365
786	2848
787	912
788	79
789	831
790	4523
791	1806
792	910
793	2191
794	2935
795	2041
796	3410
797	3166
798	2052
799	2158
800	318
801	1946
802	2311
803	2188
804	878
805	1627
806	3264
807	1648
808	3947
809	2516
810	965
811	1846
812	1320
813	1435
814	6354
815	990
816	1713
817	2688
818	1807
819	2281
820	1060
821	1582
822	5287
823	4310
824	718
825	1333
826	1665
827	1465
828	3326
829	3015
830	316
831	2976
832	2880
833	3322
834	3286
835	3236
836	1354
837	2592
838	2930
839	1857
840	1732
841	2128
842	3846
843	2227
844	2834
845	1611
846	4485
847	1410
848	1455
849	2417
850	289
851	1953
852	3824
853	3590
854	1374
855	4475
856	1985
857	1758
858	329
859	1629
860	708
861	2810
862	2742
863	1954
864	1744
865	2092
866	1359
867	601
868	2186
869	776
870	1730
871	2459
872	2378
873	1252
874	2631
875	627
876	1810
877	3276
878	1221
879	2363
880	1434
881	4400
882	2867
883	544
884	2413
885	1530
886	4176
887	237
888	2255
889	4305
890	657
891	1440
892	999
893	2392
894	1280
895	864
896	3467
897	1468
898	1189
899	462
900	775
901	2000
902	1603
903	2412
904	1904
905	1435
906	1535
907	2214
908	1811
909	1876
910	1899
911	3178
912	2283
913	1312
914	1752
915	2539
917	3109
918	2410
919	1487
920	3163
921	2094
922	1869
923	2395
924	4029
925	1671
926	2526
927	814
928	3953
929	2346
930	2236
931	3719
932	2511
933	794
934	3989
935	1932
936	1315
937	4038
938	857
939	4193
940	809
941	4840
942	2328
943	3168
944	1932
945	2680
946	999
947	362
948	2047
949	620
950	969
951	4828
952	2039
953	1715
954	340
955	367
956	2623
957	2771
958	753
959	1296
960	1971
961	4509
962	297
963	2379
964	1227
965	3446
966	697
967	860
968	7122
969	1190
970	3605
971	2723
972	1935
973	4679
974	4322
975	2735
976	2847
977	3511
978	218
979	1907
980	339
981	2409
982	4200
983	610
984	2806
985	2029
986	4126
987	1388
988	1706
989	1954
990	1152
991	3374
992	1594
993	337
994	2134
995	3217
996	1770
997	2257
998	2839
999	1904
