1900 39
1900 14
1900 5
1900 11
1900 20
1900 20
1900 22
1900 15
1900 41
1900 42
1900 46
1900 6
1900 13
1900 13
1900 30
1900 45
1900 13
1900 16
1900 36
1900 29
1901 32
1901 40
1901 29
1901 48
1901 16
1901 11
1901 21
1901 6
1901 22
1902 49
1902 49
1902 13
1902 2
1902 49
1902 48
1902 1
1902 22
1902 2
1902 24
1902 39
1902 24
1903 13
1903 35
1903 35
1903 18
1903 5
1904 29
1904 23
1904 28
1904 46
1904 28
1904 6
1905 2
1905 3
1905 16
1905 26
1905 18
1905 31
1905 28
1905 31
1905 35
1906 32
1906 9
1906 7
1907 9
1907 45
1907 49
1907 41
1907 29
1907 18
1907 36
1907 18
1907 12
1907 43
1907 44
1907 15
1908 4
1908 6
1908 44
1908 1
1908 26
1909 37
1909 38
1909 29
1909 25
1909 21
1909 7
1909 7
1909 31
1910 39
1910 47
1910 2
1910 8
1910 27
1910 17
1910 4
1910 0
1910 23
1910 2
1910 8
1910 13
1910 42
1911 36
1911 5
1911 14
1911 48
1911 3
1912 25
1912 44
1912 33
1912 18
1912 31
1913 43
1913 30
1913 33
1913 11
1913 11
1913 41
1914 49
1914 36
1914 25
1914 25
1914 26
1914 29
1914 35
1914 19
1914 0
1914 13
1914 3
1914 18
1914 37
1914 38
1914 23
1915 23
1915 9
1915 28
1915 48
1915 28
1915 21
1915 21
1915 20
1915 11
1915 7
1915 10
1915 37
1915 7
1915 12
1915 43
1915 49
1915 11
1916 14
1916 18
1917 35
1917 21
1917 27
1917 32
1918 2
1918 31
1918 49
1918 46
1918 10
1918 29
1918 44
1918 44
1918 38
1918 1
1918 45
1918 2
1918 21
1918 13
1918 36
1918 23
1918 32
1918 36
1918 17
1918 37
1919 42
1919 32
1919 26
1919 19
1920 18
1920 38
1920 13
1920 47
1920 14
1920 39
1920 9
1920 5
1920 4
1920 39
1920 16
1921 35
1921 25
1921 32
1921 9
1921 24
1921 47
1921 19
1921 28
1921 38
1921 33
1921 26
1922 6
1922 18
1922 37
1922 3
1922 18
1922 14
1922 42
1922 24
1922 44
1922 45
1922 28
1922 37
1922 11
1922 28
1922 13
1923 24
1923 20
1923 36
1923 41
1924 28
1924 12
1924 20
1924 41
1924 31
1924 17
1924 9
1924 15
1924 44
1924 14
1924 2
1924 19
1924 44
1924 8
1924 13
1924 49
1924 2
1925 30
1925 36
1925 27
1925 6
1925 5
1925 48
1925 2
1925 14
1925 24
1925 37
1925 17
1925 1
1925 35
1925 3
1926 42
1926 6
1926 40
1926 14
1926 42
1926 32
1926 9
1926 2
1926 34
1926 49
1926 42
1926 48
1926 25
1926 40
1926 4
1927 10
1927 26
1927 34
1927 7
1927 17
1927 42
1927 47
1927 21
1927 26
1927 18
1927 22
1927 47
1927 38
1928 43
1928 23
1928 14
1928 8
1928 20
1928 31
1928 10
1928 36
1928 1
1928 25
1928 48
1929 21
1929 24
1929 35
1929 20
1929 8
1930 37
1930 16
1930 16
1930 23
1930 30
1930 44
1930 20
1930 27
1930 15
1930 42
1930 40
1930 15
1930 48
1930 36
1930 3
1930 23
1930 14
1930 14
1930 2
1931 10
1931 37
1931 20
1931 31
1931 10
1931 12
1932 12
1932 4
1932 33
1933 20
1933 20
1933 28
1933 43
1933 16
1933 16
1933 21
1933 2
1933 6
1933 33
1933 17
1933 14
1934 0
1934 17
1934 11
1934 43
1934 27
1934 19
1934 45
1934 6
1934 10
1934 47
1935 39
1935 22
1935 21
1935 19
1935 39
1935 3
1935 7
1935 11
1935 40
1935 4
1935 39
1935 38
1935 3
1935 25
1935 1
1936 11
1936 32
1936 4
1936 13
1936 8
1936 41
1936 8
1936 20
1936 3
1936 48
1937 7
1937 36
1937 33
1937 0
1937 33
1937 25
1937 16
1937 8
1937 44
1937 41
1937 7
1937 11
1937 25
1938 14
1938 43
1938 3
1938 6
1938 3
1938 10
1938 6
1938 11
1938 34
1938 10
1939 27
1939 36
1939 23
1939 2
1939 29
1939 37
1939 48
1939 16
1939 14
1939 17
1939 13
1939 42
1939 5
1939 12
1939 15
1939 30
1939 4
1939 13
1939 19
1939 47
1940 30
1940 23
1940 35
1940 18
1940 9
1940 49
1940 29
1940 43
1941 25
1941 4
1941 36
1941 2
1941 5
1941 37
1941 21
1941 49
1941 26
1941 39
1941 36
1941 40
1941 26
1941 47
1941 36
1941 44
1942 24
1943 13
1943 17
1943 29
1943 26
1943 45
1944 21
1944 39
1944 0
1944 18
1944 32
1944 37
1944 7
1945 4
1945 12
1945 31
1945 20
1945 46
1945 27
1945 47
1945 40
1945 13
1945 36
1945 15
1946 30
1946 48
1946 30
1946 3
1946 10
1946 39
1946 21
1946 33
1946 44
1946 29
1946 11
1946 37
1946 45
1947 9
1947 3
1947 6
1947 5
1947 15
1947 32
1947 26
1947 22
1947 20
1947 12
1947 41
1947 16
1947 23
1947 27
1947 25
1947 16
1947 25
1947 8
1947 19
1948 4
1948 4
1948 42
1948 18
1948 0
1948 9
1948 1
1948 38
1948 18
1948 30
1949 44
1949 12
1949 32
1949 29
1949 35
1949 34
1949 48
1949 15
1949 26
1949 19
1949 12
1949 7
1949 43
1949 42
1950 33
1950 26
1950 13
1950 41
1950 20
1951 31
1951 2
1951 25
1951 19
1951 9
1951 45
1951 44
1951 48
1951 39
1952 46
1952 44
1952 30
1952 43
1952 22
1952 20
1952 12
1952 11
1952 22
1952 37
1952 49
1952 2
1952 0
1952 12
1952 8
1952 3
1952 15
1952 28
1952 12
1953 31
1953 25
1953 43
1954 32
1954 8
1954 27
1954 30
1954 1
1954 27
1954 40
1954 46
1954 29
1954 35
1955 11
1955 22
1955 35
1955 34
1955 4
1955 47
1955 26
1955 40
1955 13
1955 24
1956 7
1956 43
1956 4
1956 46
1956 29
1956 29
1956 48
1956 18
1956 15
1956 6
1956 40
1956 44
1956 17
1956 12
1956 19
1956 47
1957 41
1957 32
1957 13
1957 6
1957 49
1957 23
1957 31
1957 18
1957 40
1957 10
1957 1
1957 23
1957 8
1958 34
1959 32
1959 26
1959 0
1959 27
1959 33
1959 33
1959 8
1959 10
1959 14
1959 21
1959 38
1959 11
1959 41
1959 19
1959 39
1959 37
1959 44
1959 45
1960 33
1960 5
1960 31
1960 8
1960 23
1960 13
1960 44
1960 27
1960 10
1961 35
1961 1
1961 34
1961 14
1961 0
1961 35
1961 8
1962 32
1962 3
1962 32
1962 7
1962 5
1962 30
1962 29
1962 39
1962 23
1962 31
1962 19
1962 36
1962 19
1962 19
1962 11
1962 46
1962 2
1963 27
1964 42
1964 9
1964 21
1965 35
1965 35
1965 28
1966 37
1966 27
1966 32
1966 6
1966 19
1966 1
1966 48
1966 18
1966 31
1966 39
1966 32
1966 22
1966 27
1966 23
1966 20
1966 27
1966 27
1967 1
1967 27
1967 37
1967 23
1967 19
1967 30
1967 5
1967 22
1967 41
1968 32
1968 46
1968 7
1968 9
1968 37
1968 36
1968 14
1968 37
1968 6
1968 20
1968 47
1968 32
1968 28
1968 38
1968 41
1969 47
1969 45
1969 8
1969 30
1969 2
1969 45
1969 22
1969 14
1969 42
1969 42
1969 45
1969 35
1970 14
1970 44
1970 45
1970 31
1970 36
1970 5
1970 47
1970 3
1970 31
1970 23
1970 32
1970 14
1970 49
1970 47
1971 42
1972 49
1972 18
1972 30
1972 1
1972 29
1972 26
1972 34
1972 42
1972 45
1972 10
1972 22
1972 25
1972 29
1972 42
1972 2
1972 43
1972 30
1972 13
1972 36
1973 32
1973 24
1973 43
1973 25
1973 38
1973 35
1973 49
1973 39
1973 18
1973 15
1973 35
1973 49
1973 14
1973 43
1973 26
1974 35
1974 40
1974 31
1974 24
1974 49
1974 14
1974 38
1974 46
1974 11
1974 36
1974 13
1974 29
1974 29
1975 46
1976 8
1976 10
1976 40
1977 39
1977 12
1977 19
1977 49
1977 42
1978 28
1978 48
1978 15
1978 22
1978 6
1978 21
1978 33
1978 39
1978 3
1978 18
1978 33
1979 25
1979 14
1979 29
1979 6
1979 15
1979 31
1979 23
1979 18
1979 3
1979 25
1979 7
1979 8
1979 2
1979 21
1979 11
1980 43
1980 7
1980 45
1980 20
1980 20
1980 22
1980 14
1980 37
1980 27
1980 47
1980 25
1980 9
1980 48
1980 13
1980 40
1980 14
1980 30
1980 35
1981 27
1981 48
1981 35
1981 41
1981 47
1981 21
1981 21
1981 39
1981 13
1981 6
1981 37
1981 37
1981 42
1981 18
1981 2
1981 49
1981 25
1981 46
1981 19
1981 21
1982 28
1982 0
1982 36
1982 11
1982 28
1982 35
1982 39
1982 17
1982 42
1982 5
1982 21
1982 0
1982 20
1982 45
1982 17
1982 38
1982 33
1982 26
1982 23
1982 11
1983 35
1983 38
1984 44
1984 1
1984 14
1984 42
1984 26
1984 28
1984 7
1984 30
1984 44
1984 2
1984 10
1984 32
1984 32
1984 5
1984 27
1984 42
1984 1
1985 31
1985 44
1985 44
1985 48
1985 5
1985 9
1985 44
1985 13
1985 19
1985 26
1985 11
1986 24
1986 20
1986 3
1986 48
1986 42
1986 38
1987 2
1987 40
1987 34
1987 10
1987 1
1987 11
1987 1
1987 28
1987 20
1987 39
1987 29
1987 13
1987 43
1988 41
1988 1
1988 3
1988 38
1988 20
1988 8
1988 33
1988 48
1988 17
1988 41
1988 8
1988 31
1988 46
1988 49
1988 27
1988 29
1988 48
1989 47
1989 6
1989 39
1989 38
1990 24
1990 35
1990 15
1990 44
1990 9
1990 43
1990 11
1991 38
1991 38
1991 15
1991 17
1991 27
1991 49
1991 31
1991 27
1991 1
1991 8
1991 23
1991 9
1991 10
1991 23
1991 3
1991 33
1991 12
1992 28
1992 26
1992 44
1992 39
1992 34
1992 4
1992 33
1992 47
1992 6
1992 48
1992 2
1992 30
1992 0
1992 15
1993 0
1993 19
1993 3
1993 45
1993 28
1993 10
1993 24
1994 14
1994 2
1994 38
1995 48
1995 46
1995 27
1995 25
1995 11
1995 33
1995 28
1995 43
1995 3
1996 40
1996 33
1996 33
1996 5
1996 47
1996 12
1996 2
1996 0
1996 43
1996 42
1996 28
1996 14
1996 13
1996 10
1996 6
1996 29
1996 1
1996 46
1997 2
1997 0
1997 10
1997 49
1997 36
1997 21
1997 11
1997 37
1997 48
1997 23
1997 26
1998 8
1998 12
1998 27
1998 38
1998 30
1998 41
1998 10
1998 34
1998 41
1998 48
1998 14
1998 5
1998 38
1998 4
1998 15
1998 23
1999 31
1999 26
1999 46
1999 37
1999 32
1999 15
1999 27
1999 11
1999 27
2000 14
2000 9
2000 2
2000 4
2000 49
2000 13
2000 22
2000 1
2000 33
2000 20
2000 1
2000 8
2000 26
2000 37
2000 1
2001 29
2001 19
2001 39
2001 42
2001 13
2001 4
2001 30
2001 4
2001 45
2001 37
2001 33
2001 29
2001 8
2001 14
2002 45
2002 19
2003 30
2004 35
2004 4
2004 38
2004 37
2004 21
2004 30
2004 48
2004 31
2004 18
2004 13
2004 12
2004 31
2004 25
2004 30
2004 14
2005 16
2005 44
2005 48
2005 24
2005 26
2005 10
2005 25
2005 42
2005 29
2005 22
2005 7
2005 32
2005 23
2005 35
2005 18
2005 17
2005 45
2005 19
2005 9
2005 5
2006 36
2006 8
2006 8
2006 42
2006 32
2006 47
2006 19
2006 24
2006 40
2006 11
2006 29
2006 22
2006 34
2006 8
2006 4
2006 38
2006 42
2006 6
2007 41
2007 19
2007 1
2007 47
2007 0
2007 11
2007 8
2007 23
2007 31
2007 13
2007 41
2007 43
2008 1
2008 22
2008 14
2008 0
2008 2
2008 17
2008 46
2008 45
2008 19
2008 45
2008 44
2008 26
2008 40
2008 38
2008 18
2008 2
2009 41
2009 25
2009 7
2009 43
2009 15
2009 10
2009 3
2009 37
2009 39
2009 3
2010 47
2010 36
2011 20
2011 8
2011 5
2011 34
2011 5
2011 35
2011 21
2011 42
2012 26
2012 30
2012 24
2012 4
2012 25
2012 5
2012 28
2012 21
2012 35
2012 33
2012 1
2012 45
2013 34
2013 26
2013 49
